camera_matrix:
- - 722.1609380630373
  - 0.0
  - 653.0264329007258
- - 0.0
  - 722.4693928634097
  - 492.75379039073437
- - 0.0
  - 0.0
  - 1.0
dist_coeff:
- - -0.38014038037821596
  - 0.2359248737696447
  - -0.0009166427274572475
  - -0.0006938954486101619
  - -0.10572910375878507
